%YAML:1.0
---
K: !!opencv-matrix
   rows: 3
   cols: 3
   dt: d
   data: [ 6.7561699999999996e+02, 0., 6.3211800000000005e+02, 0.,
       6.7561699999999996e+02, 3.3828500000000003e+02, 0., 0., 1. ]
corner_3d: !!opencv-matrix
   rows: 8
   cols: 3
   dt: d
   data: [ -3.1778000000000001e-02, -3.3007000000000002e-02,
       -1.5668000000000001e-02, -3.1778000000000001e-02,
       -3.3007000000000002e-02, 1.5010000000000001e-02,
       -3.1778000000000001e-02, 2.8997999999999999e-02,
       -1.5668000000000001e-02, -3.1778000000000001e-02,
       2.8997999999999999e-02, 1.5010000000000001e-02,
       3.4228000000000001e-02, -3.3007000000000002e-02,
       -1.5668000000000001e-02, 3.4228000000000001e-02,
       -3.3007000000000002e-02, 1.5010000000000001e-02,
       3.4228000000000001e-02, 2.8997999999999999e-02,
       -1.5668000000000001e-02, 3.4228000000000001e-02,
       2.8997999999999999e-02, 1.5010000000000001e-02 ]
center_3d: !!opencv-matrix
   rows: 3
   cols: 1
   dt: d
   data: [ 1.2250000000000004e-03, -2.0045000000000011e-03,
       -3.2900000000000030e-04 ]
fps_3d: !!opencv-matrix
   rows: 8
   cols: 3
   dt: d
   data: [ -2.4331999942660332e-02, 2.3648999631404877e-02,
       1.3577999547123909e-02, 3.2659001648426056e-02,
       1.0635999962687492e-02, 1.2556999921798706e-02,
       -7.2420001961290836e-03, -3.2653000205755234e-02,
       1.2725000269711018e-02, -2.8335999697446823e-02,
       4.3210000731050968e-03, -1.5097999945282936e-02,
       -5.5900001898407936e-03, 2.6472000405192375e-02,
       -1.2048999778926373e-02, 2.8629999607801437e-02,
       -8.3079999312758446e-03, -1.4189999550580978e-02,
       -2.7602000162005424e-02, -7.0259999483823776e-03,
       1.3252000324428082e-02, -1.2857000343501568e-02,
       -2.4555999785661697e-02, -1.5062999911606312e-02 ]
