%YAML:1.0
---
K: !!opencv-matrix
   rows: 3
   cols: 3
   dt: d
   data: [ 6.7561699999999996e+02, 0., 6.3211800000000005e+02, 0.,
       6.7561699999999996e+02, 3.3828500000000003e+02, 0., 0., 1. ]
corner_3d: !!opencv-matrix
   rows: 8
   cols: 3
   dt: d
   data: [ -5.0321100000000001e-02, -5.2670000000000002e-02,
       -5.8160000000000003e-02, -5.0321100000000001e-02,
       -5.2670000000000002e-02, 6.7394999999999997e-02,
       -5.0321100000000001e-02, 8.0453999999999998e-02,
       -5.8160000000000003e-02, -5.0321100000000001e-02,
       8.0453999999999998e-02, 6.7394999999999997e-02,
       4.9376000000000003e-02, -5.2670000000000002e-02,
       -5.8160000000000003e-02, 4.9376000000000003e-02,
       -5.2670000000000002e-02, 6.7394999999999997e-02,
       4.9376000000000003e-02, 8.0453999999999998e-02,
       -5.8160000000000003e-02, 4.9376000000000003e-02,
       8.0453999999999998e-02, 6.7394999999999997e-02 ]
center_3d: !!opencv-matrix
   rows: 3
   cols: 1
   dt: d
   data: [ -4.7254999999999867e-04, 1.3891999999999998e-02,
       4.6174999999999966e-03 ]
fps_3d: !!opencv-matrix
   rows: 8
   cols: 3
   dt: d
   data: [ 2.5569300632923841e-03, -5.2250999957323074e-02,
       6.6614001989364624e-02, -1.0707900219131261e-04,
       -3.5023000091314316e-02, -5.7243999093770981e-02,
       -4.8656098544597626e-02, 8.4840301424264908e-03,
       6.6743999719619751e-02, 4.6360999345779419e-02,
       1.2931000441312790e-02, 6.6844999790191650e-02,
       2.5132900103926659e-02, 7.6255001127719879e-02,
       3.4467898309230804e-02, 2.1222900599241257e-02,
       6.2794998288154602e-02, -3.2199099659919739e-02,
       -1.0018100030720234e-02, -4.8321001231670380e-02,
       3.9730300195515156e-03, -2.2887099534273148e-02,
       2.3182999342679977e-02, -5.4078999906778336e-02 ]
baseline: 1.2000700000000000e-01
