%YAML:1.0
---
K: !!opencv-matrix
   rows: 3
   cols: 3
   dt: d
   data: [ 6.7561699999999996e+02, 0., 6.3211800000000005e+02, 0.,
       6.7561699999999996e+02, 3.3828500000000003e+02, 0., 0., 1. ]
corner_3d: !!opencv-matrix
   rows: 8
   cols: 3
   dt: d
   data: [ -2.5622099999999998e-02, -2.5055700000000000e-02,
       -2.5055399999999999e-02, -2.5622099999999998e-02,
       -2.5055700000000000e-02, 2.5409600000000001e-02,
       -2.5622099999999998e-02, 2.5070400000000000e-02,
       -2.5055399999999999e-02, -2.5622099999999998e-02,
       2.5070400000000000e-02, 2.5409600000000001e-02,
       3.2295400000000002e-02, -2.5055700000000000e-02,
       -2.5055399999999999e-02, 3.2295400000000002e-02,
       -2.5055700000000000e-02, 2.5409600000000001e-02,
       3.2295400000000002e-02, 2.5070400000000000e-02,
       -2.5055399999999999e-02, 3.2295400000000002e-02,
       2.5070400000000000e-02, 2.5409600000000001e-02 ]
center_3d: !!opencv-matrix
   rows: 3
   cols: 1
   dt: d
   data: [ 3.3366500000000018e-03, 7.3499999999997179e-06,
       1.7710000000000121e-04 ]
fps_3d: !!opencv-matrix
   rows: 8
   cols: 3
   dt: d
   data: [ 3.2279901206493378e-02, -4.6087601222097874e-03,
       -9.1364299878478050e-03, -2.4711899459362030e-02,
       -2.9825698584318161e-04, 7.5506600551307201e-03,
       -1.6379900276660919e-02, 1.0099699720740318e-03,
       -1.9423399120569229e-02, -1.2463400140404701e-02,
       2.1974699571728706e-02, -1.8578800372779369e-03,
       -1.2396800331771374e-02, -2.1608499810099602e-02,
       -3.9687301032245159e-03, -5.9001501649618149e-03,
       1.1594600044190884e-02, 2.1926900371909142e-02,
       -4.4415500015020370e-03, -1.4673699624836445e-02,
       2.0321400836110115e-02, 4.2137200944125652e-03,
       -1.2982600368559361e-02, -2.0867999643087387e-02 ]
baseline: 1.2000700000000000e-01
