%YAML:1.0
---
K: !!opencv-matrix
   rows: 3
   cols: 3
   dt: d
   data: [ 6.7561699999999996e+02, 0., 6.3211800000000005e+02, 0.,
       6.7561699999999996e+02, 3.3828500000000003e+02, 0., 0., 1. ]
corner_3d: !!opencv-matrix
   rows: 8
   cols: 3
   dt: d
   data: [ -3.6450099999999999e-02, -3.8105000000000000e-02,
       -2.5555100000000001e-02, -3.6450099999999999e-02,
       -3.8105000000000000e-02, 6.6437099999999999e-02,
       -3.6450099999999999e-02, 5.6800999999999997e-02,
       -2.5555100000000001e-02, -3.6450099999999999e-02,
       5.6800999999999997e-02, 6.6437099999999999e-02,
       3.7677099999999998e-02, -3.8105000000000000e-02,
       -2.5555100000000001e-02, 3.7677099999999998e-02,
       -3.8105000000000000e-02, 6.6437099999999999e-02,
       3.7677099999999998e-02, 5.6800999999999997e-02,
       -2.5555100000000001e-02, 3.7677099999999998e-02,
       5.6800999999999997e-02, 6.6437099999999999e-02 ]
center_3d: !!opencv-matrix
   rows: 3
   cols: 1
   dt: d
   data: [ 6.1349999999999946e-04, 9.3479999999999987e-03,
       2.0441000000000001e-02 ]
fps_3d: !!opencv-matrix
   rows: 8
   cols: 3
   dt: d
#   data: [  0.000933,  0.025639, -0.024500,
#            0.027684, -0.001049, -0.025302,
#            0.000378, -0.027798, -0.025512,
#           -0.026336, -0.002186, -0.025349,
#           -0.000438, -0.000004,  0.063766,
#           -0.000728,  0.055653,  0.057085,
#           -0.002156,  0.037259,  0.013348]
#   data: [ 0.0, 0.0, 0.064,
#           0.0, 0.0, -0.0249999,
#           -0.001, 0.056, 0.057
#         ]
   #data: [-0.00205,  0.03844,  0.00638,
   #       -0.00128,  0.05403,  0.05647,
   #        0.00123,  0.02605, -0.02404,
   #       -0.02657,  0.00149, -0.02505,
   #        0.00096, -0.02874, -0.02501,
   #        0.02725, -0.00154, -0.02531,
   #        0.00001,  0.03368,  0.06611,
   #        0.00137, -0.03763,  0.06592
   #       ]
   data: [ -4.6498200390487909e-04, -3.8056001067161560e-02,
       6.6099099814891815e-02, -3.1039998866617680e-03,
       -2.8280999511480331e-02, -2.5239100679755211e-02,
       -3.2900199294090271e-03, 5.5736999958753586e-02,
       5.5526100099086761e-02, 3.6193098872900009e-02,
       7.3450100608170033e-03, 6.5991103649139404e-02,
       -3.4857101738452911e-02, 8.6419796571135521e-03,
       6.6077098250389099e-02, -4.8570199869573116e-03,
       2.4699000641703606e-02, -2.5283100083470345e-02,
       2.9405100271105766e-02, -1.6079900087788701e-03,
       -1.2105099856853485e-02, -1.0609900346025825e-03,
       -3.3491998910903931e-02, 2.3362999781966209e-02 ]

baseline: 1.2000700000000000e-01
