%YAML:1.0
---
K: !!opencv-matrix
   rows: 3
   cols: 3
   dt: d
   data: [ 6.7561699999999996e+02, 0., 6.3211800000000005e+02, 0.,
       6.7561699999999996e+02, 3.3828500000000003e+02, 0., 0., 1. ]
corner_3d: !!opencv-matrix
   rows: 8
   cols: 3
   dt: d
   data: [ -3.6794100000000003e-02, -3.7340100000000001e-02,
       -3.1238100000000001e-02, -3.6794100000000003e-02,
       -3.7340100000000001e-02, 5.2221099999999999e-02,
       -3.6794100000000003e-02, 5.9066100000000003e-02,
       -3.1238100000000001e-02, -3.6794100000000003e-02,
       5.9066100000000003e-02, 5.2221099999999999e-02,
       3.6650099999999998e-02, -3.7340100000000001e-02,
       -3.1238100000000001e-02, 3.6650099999999998e-02,
       -3.7340100000000001e-02, 5.2221099999999999e-02,
       3.6650099999999998e-02, 5.9066100000000003e-02,
       -3.1238100000000001e-02, 3.6650099999999998e-02,
       5.9066100000000003e-02, 5.2221099999999999e-02 ]
center_3d: !!opencv-matrix
   rows: 3
   cols: 1
   dt: d
   data: [ -7.2000000000002617e-05, 1.0863000000000001e-02,
       1.0491499999999999e-02 ]
fps_3d: !!opencv-matrix
   rows: 8
   cols: 3
   dt: d
   data: [ -3.8758600130677223e-03, -3.7033099681138992e-02,
       5.1890999078750610e-02, -1.7488399753347039e-03,
       -3.0609099194407463e-02, -3.0899100005626678e-02,
       3.6217998713254929e-02, 2.1471399813890457e-03,
       5.2087098360061646e-02, -2.0412500016391277e-03,
       5.8683101087808609e-02, 3.9329100400209427e-02,
       -3.5402100533246994e-02, 7.2098597884178162e-03,
       5.2023001015186310e-02, 2.7809999883174896e-02,
       1.0252100415527821e-02, -3.0980100855231285e-02,
       -2.7276100590825081e-02, 1.1989899910986423e-02,
       -3.1003100797533989e-02, 1.6346199437975883e-02,
       -3.1187999993562698e-02, 1.0422999970614910e-02 ]
baseline: 1.2000700000000000e-01
