%YAML:1.0
---
K: !!opencv-matrix
   rows: 3
   cols: 3
   dt: d
   data: [ 6.7561699999999996e+02, 0., 6.3211800000000005e+02, 0.,
       6.7561699999999996e+02, 3.3828500000000003e+02, 0., 0., 1. ]
corner_3d: !!opencv-matrix
   rows: 8
   cols: 3
   dt: d
   data: [ -2.0163000000000000e-02, -2.0344000000000001e-02,
       -3.9909000000000000e-02, -2.0163000000000000e-02,
       -2.0344000000000001e-02, 4.8149999999999998e-02,
       -2.0163000000000000e-02, 2.0261999999999999e-02,
       -3.9909000000000000e-02, -2.0163000000000000e-02,
       2.0261999999999999e-02, 4.8149999999999998e-02,
       2.0105999999999999e-02, -2.0344000000000001e-02,
       -3.9909000000000000e-02, 2.0105999999999999e-02,
       -2.0344000000000001e-02, 4.8149999999999998e-02,
       2.0105999999999999e-02, 2.0261999999999999e-02,
       -3.9909000000000000e-02, 2.0105999999999999e-02,
       2.0261999999999999e-02, 4.8149999999999998e-02 ]
center_3d: !!opencv-matrix
   rows: 3
   cols: 1
   dt: d
   data: [ -2.8500000000000747e-05, -4.1000000000001105e-05,
       4.1204999999999992e-03 ]
fps_3d: !!opencv-matrix
   rows: 8
   cols: 3
   dt: d
   data: [ -3.2006901165004820e-05, 1.8451999872922897e-02,
       -3.9622001349925995e-02, -5.4669701494276524e-03,
       6.1829998157918453e-03, 4.8128999769687653e-02,
       1.9230099860578775e-03, -1.9757999107241631e-02,
       -2.9974000528454781e-02, -1.9950000569224358e-02,
       1.5420200070366263e-03, -2.1595999598503113e-02,
       1.9734000787138939e-02, 3.8740099407732487e-03,
       -1.9895000383257866e-02, 5.6690298952162266e-03,
       -1.4255000278353691e-02, 2.9400000348687172e-02,
       1.0723999701440334e-02, 1.4949000440537930e-02,
       2.6143999770283699e-02, -1.9393999129533768e-02,
       -8.9899200247600675e-04, 2.4516999721527100e-02 ]
baseline: 1.2000700000000000e-01
