%YAML:1.0
---
K: !!opencv-matrix
   rows: 3
   cols: 3
   dt: d
   data: [ 6.7561699999999996e+02, 0., 6.3211800000000005e+02, 0.,
       6.7561699999999996e+02, 3.3828500000000003e+02, 0., 0., 1. ]
corner_3d: !!opencv-matrix
   rows: 8
   cols: 3
   dt: d
   data: [ -4.3671000000000001e-02, -4.3802000000000001e-02,
       -3.8814000000000001e-02, -4.3671000000000001e-02,
       -4.3802000000000001e-02, 3.2218999999999991e-02,
       -4.3671000000000001e-02, 4.3556999999999998e-02,
       -3.8814000000000001e-02, -4.3671000000000001e-02,
       4.3556999999999998e-02, 3.2218999999999991e-02,
       4.3986999999999991e-02, -4.3802000000000001e-02,
       -3.8814000000000001e-02, 4.3986999999999991e-02,
       -4.3802000000000001e-02, 3.2218999999999991e-02,
       4.3986999999999991e-02, 4.3556999999999998e-02,
       -3.8814000000000001e-02, 4.3986999999999991e-02,
       4.3556999999999998e-02, 3.2218999999999991e-02 ]
center_3d: !!opencv-matrix
   rows: 3
   cols: 1
   dt: d
   data: [ 1.5799999999999495e-04, -1.2250000000000108e-04,
       -3.2975000000000053e-03 ]
fps_3d: !!opencv-matrix
   rows: 8
   cols: 3
   dt: d
   data: [ -3.8681998848915100e-02, -2.0749000832438469e-02,
       3.1879998743534088e-02, 1.7353000119328499e-02,
       4.0118001401424408e-02, 3.1980000436306000e-02,
       4.2497999966144562e-02, -1.1024000123143196e-02,
       3.1815998256206512e-02, -3.1938999891281128e-02,
       2.9099000617861748e-02, 3.1984999775886536e-02,
       5.5210199207067490e-03, -4.3329998850822449e-02,
       3.1328000128269196e-02, -2.4411000311374664e-02,
       1.1718999594449997e-02, -3.8646999746561050e-02,
       2.5196999311447144e-02, 1.0293999686837196e-02,
       -3.8660999387502670e-02, -1.3319900026544929e-03,
       -2.7077000588178635e-02, -3.8587000221014023e-02 ]
baseline: 1.2000700000000000e-01
