%YAML:1.0
---
K: !!opencv-matrix
   rows: 3
   cols: 3
   dt: d
   data: [ 6.7561699999999996e+02, 0., 6.3211800000000005e+02, 0.,
       6.7561699999999996e+02, 3.3828500000000003e+02, 0., 0., 1. ]
corner_3d: !!opencv-matrix
   rows: 8
   cols: 3
   dt: d
   data: [ -5.2596999999999998e-02, -4.9994999999999998e-02,
       -4.7835999999999997e-02, -5.2596999999999998e-02,
       -4.9994999999999998e-02, 5.4214999999999999e-02,
       -5.2596999999999998e-02, 4.4777999999999998e-02,
       -4.7835999999999997e-02, -5.2596999999999998e-02,
       4.4777999999999998e-02, 5.4214999999999999e-02,
       6.4425999999999997e-02, -4.9994999999999998e-02,
       -4.7835999999999997e-02, 6.4425999999999997e-02,
       -4.9994999999999998e-02, 5.4214999999999999e-02,
       6.4425999999999997e-02, 4.4777999999999998e-02,
       -4.7835999999999997e-02, 6.4425999999999997e-02,
       4.4777999999999998e-02, 5.4214999999999999e-02 ]
center_3d: !!opencv-matrix
   rows: 3
   cols: 1
   dt: d
   data: [ 5.9144999999999996e-03, -2.6084999999999997e-03,
       3.1895000000000014e-03 ]
fps_3d: !!opencv-matrix
   rows: 8
   cols: 3
   dt: d
   data: [ -5.1125999540090561e-02, 8.9349998161196709e-03,
       5.3527001291513443e-02, 5.9742998331785202e-02,
       3.1054999679327011e-02, 3.6492999643087387e-02,
       -9.1409999877214432e-03, -4.9720000475645065e-02,
       5.3392000496387482e-02, 4.9979999661445618e-02,
       3.3378001302480698e-02, -3.1330998986959457e-02,
       -3.6472998559474945e-02, 8.3400000585243106e-04,
       -4.7586001455783844e-02, -1.4799999771639705e-03,
       4.4016998261213303e-02, 5.4042998701334000e-02,
       1.2020000256597996e-02, -3.0429000034928322e-02,
       -4.6564001590013504e-02, 3.8616999983787537e-02,
       -2.1268000826239586e-02, 5.2469998598098755e-02 ]
baseline: 1.2000700000000000e-01
