%YAML:1.0
---
K: !!opencv-matrix
   rows: 3
   cols: 3
   dt: d
   data: [ 6.7561699999999996e+02, 0., 6.3211800000000005e+02, 0.,
       6.7561699999999996e+02, 3.3828500000000003e+02, 0., 0., 1. ]
corner_3d: !!opencv-matrix
   rows: 8
   cols: 3
   dt: d
   data: [ -4.4156099999999997e-02, -4.2942000000000001e-02,
       -5.1075000000000002e-02, -4.4156099999999997e-02,
       -4.2942000000000001e-02, 9.1160000000000005e-02,
       -4.4156099999999997e-02, 4.2744100000000000e-02,
       -5.1075000000000002e-02, -4.4156099999999997e-02,
       4.2744100000000000e-02, 9.1160000000000005e-02,
       7.8824099999999980e-02, -4.2942000000000001e-02,
       -5.1075000000000002e-02, 7.8824099999999980e-02,
       -4.2942000000000001e-02, 9.1160000000000005e-02,
       7.8824099999999980e-02, 4.2744100000000000e-02,
       -5.1075000000000002e-02, 7.8824099999999980e-02,
       4.2744100000000000e-02, 9.1160000000000005e-02 ]
center_3d: !!opencv-matrix
   rows: 3
   cols: 1
   dt: d
   data: [ 1.7333999999999992e-02, -9.8950000000000427e-05,
       2.0042500000000001e-02 ]
fps_3d: !!opencv-matrix
   rows: 8
   cols: 3
   dt: d
   data: [ -4.3907098472118378e-02, -2.1449299529194832e-03,
       9.0983100235462189e-02, -4.0974099189043045e-02,
       2.1340099629014730e-03, -5.0064001232385635e-02,
       2.6804100722074509e-02, 3.1654998660087585e-02,
       9.0879000723361969e-02, 3.0172999948263168e-02,
       -2.1710099652409554e-02, -5.0692100077867508e-02,
       1.7144000157713890e-02, -3.8617998361587524e-02,
       8.1920102238655090e-02, 7.0690102875232697e-02,
       -1.2942000292241573e-02, 5.5107001215219498e-02,
       1.0904000140726566e-02, 3.8442999124526978e-02,
       -3.5432100296020508e-02, -4.2831100523471832e-02,
       7.3560499586164951e-03, 3.0237000435590744e-02 ]
baseline: 1.2000700000000000e-01
