%YAML:1.0
---
K: !!opencv-matrix
   rows: 3
   cols: 3
   dt: d
   data: [ 6.7561699999999996e+02, 0., 6.3211800000000005e+02, 0.,
       6.7561699999999996e+02, 3.3828500000000003e+02, 0., 0., 1. ]
corner_3d: !!opencv-matrix
   rows: 8
   cols: 3
   dt: d
   data: [ -2.8632700000000001e-02, -3.0634399999999999e-02,
       -8.3608399999999999e-02, -2.8632700000000001e-02,
       -3.0634399999999999e-02, 6.3028699999999993e-02,
       -2.8632700000000001e-02, 2.8971600000000000e-02,
       -8.3608399999999999e-02, -2.8632700000000001e-02,
       2.8971600000000000e-02, 6.3028699999999993e-02,
       3.1011400000000001e-02, -3.0634399999999999e-02,
       -8.3608399999999999e-02, 3.1011400000000001e-02,
       -3.0634399999999999e-02, 6.3028699999999993e-02,
       3.1011400000000001e-02, 2.8971600000000000e-02,
       -8.3608399999999999e-02, 3.1011400000000001e-02,
       2.8971600000000000e-02, 6.3028699999999993e-02 ]
center_3d: !!opencv-matrix
   rows: 3
   cols: 1
   dt: d
   data: [ 1.1893500000000005e-03, -8.3139999999999950e-04,
       -1.0289850000000003e-02 ]
fps_3d: !!opencv-matrix
   rows: 8
   cols: 3
   dt: d
   data: [ -1.2850900180637836e-02, 1.5415599569678307e-02,
       6.2833800911903381e-02, -1.2874799780547619e-02,
       -1.3299300335347652e-02, -8.3434596657752991e-02,
       2.1376499906182289e-02, 2.0470999181270599e-02,
       -5.6724999099969864e-02, 1.8086699768900871e-02,
       -1.6054399311542511e-02, 3.5799898207187653e-02,
       1.6684500500559807e-02, -2.5684200227260590e-02,
       -4.7964099794626236e-02, -2.4213299155235291e-02,
       1.4329900033771992e-02, -4.7019898891448975e-02,
       -2.2965699434280396e-02, -5.1300600171089172e-03,
       2.5602700188755989e-02, 8.0225002020597458e-03,
       2.2480599582195282e-02, 2.3089600726962090e-02 ]
baseline: 1.2000700000000000e-01
