%YAML:1.0
---
K: !!opencv-matrix
   rows: 3
   cols: 3
   dt: d
   data: [ 6.7561699999999996e+02, 0., 6.3211800000000005e+02, 0.,
       6.7561699999999996e+02, 3.3828500000000003e+02, 0., 0., 1. ]
corner_3d: !!opencv-matrix
   rows: 8
   cols: 3
   dt: d
   data: [ -4.3438999999999998e-02, -4.6556000000000000e-02,
       -5.7685100000000003e-02, -4.3438999999999998e-02,
       -4.6556000000000000e-02, 9.6834100000000006e-02,
       -4.3438999999999998e-02, 8.0477000000000007e-02,
       -5.7685100000000003e-02, -4.3438999999999998e-02,
       8.0477000000000007e-02, 9.6834100000000006e-02,
       4.2901000000000002e-02, -4.6556000000000000e-02,
       -5.7685100000000003e-02, 4.2901000000000002e-02,
       -4.6556000000000000e-02, 9.6834100000000006e-02,
       4.2901000000000002e-02, 8.0477000000000007e-02,
       -5.7685100000000003e-02, 4.2901000000000002e-02,
       8.0477000000000007e-02, 9.6834100000000006e-02 ]
center_3d: !!opencv-matrix
   rows: 3
   cols: 1
   dt: d
   data: [ -2.6899999999999841e-04, 1.6960500000000003e-02,
       1.9574500000000002e-02 ]
fps_3d: !!opencv-matrix
   rows: 8
   cols: 3
   dt: d
   data: [ -3.4139798954129219e-03, -4.3676000088453293e-02,
       9.6600100398063660e-02, -1.9799999427050352e-04,
       -3.2458998262882233e-02, -5.7217098772525787e-02,
       1.5626000240445137e-02, 3.4093998372554779e-02,
       9.6200101077556610e-02, -4.5900098048150539e-03,
       7.7867999672889709e-02, 4.8250999301671982e-02,
       -4.1290000081062317e-02, 6.6909901797771454e-03,
       7.3124103248119354e-02, -3.7010200321674347e-03,
       6.1133000999689102e-02, -2.9353100806474686e-02,
       4.1285999119281769e-02, -1.3991000130772591e-02,
       5.9459999203681946e-02, -8.9209899306297302e-03,
       -4.5634999871253967e-02, 3.1145999208092690e-02 ]
baseline: 1.2000700000000000e-01
