%YAML:1.0
---
K: !!opencv-matrix
   rows: 3
   cols: 3
   dt: d
   data: [ 6.7561699999999996e+02, 0., 6.3211800000000005e+02, 0.,
       6.7561699999999996e+02, 3.3828500000000003e+02, 0., 0., 1. ]
corner_3d: !!opencv-matrix
   rows: 8
   cols: 3
   dt: d
   data: [ -2.3706000000000001e-02, -4.7717000000000002e-02,
       -6.6771999999999998e-02, -2.3706000000000001e-02,
       -4.7717000000000002e-02, 4.3045000000000000e-02,
       -2.3706000000000001e-02, 4.0165999999999993e-02,
       -6.6771999999999998e-02, -2.3706000000000001e-02,
       4.0165999999999993e-02, 4.3045000000000000e-02,
       2.6322999999999999e-02, -4.7717000000000002e-02,
       -6.6771999999999998e-02, 2.6322999999999999e-02,
       -4.7717000000000002e-02, 4.3045000000000000e-02,
       2.6322999999999999e-02, 4.0165999999999993e-02,
       -6.6771999999999998e-02, 2.6322999999999999e-02,
       4.0165999999999993e-02, 4.3045000000000000e-02 ]
center_3d: !!opencv-matrix
   rows: 3
   cols: 1
   dt: d
   data: [ 1.3084999999999989e-03, -3.7755000000000045e-03,
       -1.1863499999999999e-02 ]
fps_3d: !!opencv-matrix
   rows: 8
   cols: 3
   dt: d
   data: [ -4.0739998221397400e-03, 3.9657998830080032e-02,
       3.2425001263618469e-02, -1.8370000179857016e-03,
       1.2889999896287918e-02, -6.6771999001502991e-02,
       -9.9419998005032539e-03, -1.3381999917328358e-02,
       4.0293999016284943e-02, 2.0169999450445175e-02,
       -4.2130000889301300e-02, 1.4971000142395496e-02,
       2.2385999560356140e-02, 8.6289998143911362e-03,
       2.5123000144958496e-02, -7.3959999717772007e-03,
       2.9518000781536102e-02, -3.0830999836325645e-02,
       -2.3501999676227570e-02, 1.2609999626874924e-02,
       1.3147000223398209e-02, -1.3597999699413776e-02,
       -2.9732000082731247e-02, 8.3750002086162567e-03 ]
baseline: 1.2000700000000000e-01
