%YAML:1.0
---
K: !!opencv-matrix
   rows: 3
   cols: 3
   dt: d
   data: [ 6.7561699999999996e+02, 0., 6.3211800000000005e+02, 0.,
       6.7561699999999996e+02, 3.3828500000000003e+02, 0., 0., 1. ]
corner_3d: !!opencv-matrix
   rows: 8
   cols: 3
   dt: d
   data: [ -3.0799000000000000e-02, -7.7410999999999994e-02,
       -3.0800999999999999e-02, -3.0799000000000000e-02,
       -7.7410999999999994e-02, 3.0766000000000002e-02,
       -3.0799000000000000e-02, 9.4375000000000001e-02,
       -3.0800999999999999e-02, -3.0799000000000000e-02,
       9.4375000000000001e-02, 3.0766000000000002e-02,
       3.0661000000000001e-02, -7.7410999999999994e-02,
       -3.0800999999999999e-02, 3.0661000000000001e-02,
       -7.7410999999999994e-02, 3.0766000000000002e-02,
       3.0661000000000001e-02, 9.4375000000000001e-02,
       -3.0800999999999999e-02, 3.0661000000000001e-02,
       9.4375000000000001e-02, 3.0766000000000002e-02 ]
center_3d: !!opencv-matrix
   rows: 3
   cols: 1
   dt: d
   data: [ -6.8999999999999617e-05, 8.4820000000000034e-03,
       -1.7499999999998420e-05 ]
fps_3d: !!opencv-matrix
   rows: 8
   cols: 3
   dt: d
   data: [ 2.3264000192284584e-02, -7.7108003199100494e-02,
       1.4953999780118465e-02, -1.4980100095272064e-03,
       9.4374999403953552e-02, 1.6503000631928444e-02,
       -2.6394000276923180e-02, -5.0781998783349991e-02,
       -2.5823999196290970e-02, 2.6146000251173973e-02,
       5.8111999183893204e-02, -2.4248000234365463e-02,
       -1.6952000558376312e-02, -3.7613999098539352e-02,
       2.9317999258637428e-02, -2.9712000861763954e-02,
       5.4926998913288116e-02, -1.4821999706327915e-02,
       2.8006000444293022e-02, -3.5677000880241394e-02,
       -2.3701999336481094e-02, 2.3453999310731888e-02,
       4.8386000096797943e-02, 2.8250999748706818e-02 ]
baseline: 1.2000700000000000e-01
