%YAML:1.0
---
K: !!opencv-matrix
   rows: 3
   cols: 3
   dt: d
   data: [ 6.7561699999999996e+02, 0., 6.3211800000000005e+02, 0.,
       6.7561699999999996e+02, 3.3828500000000003e+02, 0., 0., 1. ]
corner_3d: !!opencv-matrix
   rows: 8
   cols: 3
   dt: d
   data: [ -2.5614100000000001e-02, -7.4391100000000016e-02,
       -2.5883099999999999e-02, -2.5614100000000001e-02,
       -7.4391100000000016e-02, 2.5643999999999997e-02,
       -2.5614100000000001e-02, 8.1516099999999994e-02,
       -2.5883099999999999e-02, -2.5614100000000001e-02,
       8.1516099999999994e-02, 2.5643999999999997e-02,
       2.5600000000000001e-02, -7.4391100000000016e-02,
       -2.5883099999999999e-02, 2.5600000000000001e-02,
       -7.4391100000000016e-02, 2.5643999999999997e-02,
       2.5600000000000001e-02, 8.1516099999999994e-02,
       -2.5883099999999999e-02, 2.5600000000000001e-02,
       8.1516099999999994e-02, 2.5643999999999997e-02 ]
center_3d: !!opencv-matrix
   rows: 3
   cols: 1
   dt: d
   data: [ -7.0499999999997648e-06, 3.5624999999999893e-03,
       -1.1955000000000125e-04 ]
fps_3d: !!opencv-matrix
   rows: 8
   cols: 3
   dt: d
   data: [ 2.0740000531077385e-02, -7.4221096932888031e-02,
       1.0401000268757343e-02, -2.1680099889636040e-03,
       8.1488102674484253e-02, 1.0371999815106392e-02,
       -1.9698100164532661e-02, -4.6221099793910980e-02,
       -1.6443999484181404e-02, 9.6999900415539742e-03,
       4.6662099659442902e-02, -2.3443099111318588e-02,
       -2.0710299722850323e-03, -3.5220999270677567e-02,
       2.5351999327540398e-02, -2.4869099259376526e-02,
       4.1221100836992264e-02, 5.7049798779189587e-03,
       2.3068999871611595e-02, -3.3908098936080933e-02,
       -1.1057100258767605e-02, 1.6859000548720360e-02,
       3.9778098464012146e-02, 1.9090000540018082e-02 ]
baseline: 1.2000700000000000e-01
