%YAML:1.0
---
K: !!opencv-matrix
   rows: 3
   cols: 3
   dt: d
   data: [ 6.7561699999999996e+02, 0., 6.3211800000000005e+02, 0.,
       6.7561699999999996e+02, 3.3828500000000003e+02, 0., 0., 1. ]
corner_3d: !!opencv-matrix
   rows: 8
   cols: 3
   dt: d
   data: [ -4.4556999999999999e-02, -4.8143100000000001e-02,
       -4.3945100000000001e-02, -4.4556999999999999e-02,
       -4.8143100000000001e-02, 3.7802099999999998e-02,
       -4.4556999999999999e-02, 4.1406100000000001e-02,
       -4.3945100000000001e-02, -4.4556999999999999e-02,
       4.1406100000000001e-02, 3.7802099999999998e-02,
       6.5092999999999998e-02, -4.8143100000000001e-02,
       -4.3945100000000001e-02, 6.5092999999999998e-02,
       -4.8143100000000001e-02, 3.7802099999999998e-02,
       6.5092999999999998e-02, 4.1406100000000001e-02,
       -4.3945100000000001e-02, 6.5092999999999998e-02,
       4.1406100000000001e-02, 3.7802099999999998e-02 ]
center_3d: !!opencv-matrix
   rows: 3
   cols: 1
   dt: d
   data: [ 1.0267999999999999e-02, -3.3685000000000000e-03,
       -3.0715000000000013e-03 ]
fps_3d: !!opencv-matrix
   rows: 8
   cols: 3
   dt: d
   data: [ -4.3905999511480331e-02, 4.0979098528623581e-02,
       -1.7330100527033210e-03, -4.1119001805782318e-02,
       -3.9657101035118103e-02, -1.9180000526830554e-03,
       5.1399099174886942e-04, 4.0679100900888443e-02,
       -4.3416101485490799e-02, 1.9070099806413054e-03,
       4.0713101625442505e-02, 3.7012100219726562e-02,
       6.3991002738475800e-02, 1.6459999606013298e-02,
       4.9020200967788696e-03, -2.9390000272542238e-03,
       -3.9447098970413208e-02, -4.0859099477529526e-02,
       -1.5439899871125817e-03, -4.0470100939273834e-02,
       3.3505100756883621e-02, -3.1128000468015671e-02,
       1.7580100102350116e-03, -3.1913999468088150e-02 ]
baseline: 1.2000700000000000e-01
